1,17
14,16
1,2,15
3,5,14
1,2,15,14
3,5,4
15,5
3,2,15,4
3,15
1,2,5,14,4
1,15,4,14
15,5,14
14
1,15,14
3,15,4
16
1,3,2,14,6
3,2,15
14,6
2
4
3,2,5,4
1,3,16
1,2,5,14
1,2,7
1,7
6
1,3,2,6
1,5,14,4
1,15,4
2,14,6
2,14
1,3,14
1,2,5
1,5
1,3,2
2,4
1,2,14,7
2,14,4
1,3,2,14
3,15,14,4
3,7
1,3,4
1,2,15,4
3,15,14
1,15
1,14,7
2,4,6
3,2,5
3,2,5,14
2,14,16
1,3,6
14,4
1,15,6
2,6
1,3,2,16
3,2,15,14
4,6
15,2,5
4,16
1,5,14
1,3,14,4
1,3,14,16
2,16
3,5
1,3,14,6
1,2,15,14,4
1,2,17
1,5,3,15
1,5,4
1,3,2,4
1,3
1,3,2,14,4
1,2,5,4
1,3,15,4
1,2,14,4
1,3,2,15
1,3,2,5,14
15,14,4
2,17
15,14
3,14,4
1,2,14,16
2,5,14,4
3,14,16
1,3,15,14
1,2,14,6
2,7
5,14
3,4
1,14,6
1,3,15
1,16
1,14,4
1,2,4,6
3,2,14,6
3,2,6
5,4
3,14
1,3,2,15,4
1,2,6
1,4,16
1,3,5,4
15,6
1,3,15,14,4
2,5,4
14,7
17
1,3,2,5,4
2,15,4,14
2,14,7
1,3,5,14
3,2,16
1,2
1,2,14
3,2,14
2,15,14
2,5,14
2,15
1,3,5
15
3,2,4
1,3,2,5
1
1,4
1,6
15,3,5
3
1,3,7
2,5
1,4,6
3,6
1,2,4
1,14
7
1,15,5,14
3,2
1,15,5
5
1,2,16
3,16
1,14,16
3,2,14,4
15,4
2,15,4
1,3,2,15,14
1,15,2,5
3,14,6
5,14,4
